0 0 0 0 0 0 0 0 0 0 0 0 0 0 0 0 0 0 0 0 0 0 0 0 0 0 0 0 0 0 0 0 0 0 0 0 0 0 0 0 0 0 0 0 0 0 0 0 [0;31m1[0m 0 0 0 0 0 0 0 0 0 [0;31m1[0m 0 0 0 0 0 0 0 0 0 0 0 0 0 0 0 0 0 0 0 0 0 0 0 0 0 0 0 0 0 0 0 0 0 0 0 0 0 0 0 0 0 
0 0 0 0 0 0 0 0 0 0 0 0 0 0 0 0 0 0 0 0 0 0 0 0 0 0 0 0 0 0 0 0 0 0 0 0 0 0 0 0 0 0 0 0 0 0 0 0 [0;31m1[0m 0 0 0 0 0 0 0 [0;31m1[0m 0 0 [0;31m1[0m 0 0 0 0 0 0 0 0 0 0 0 0 0 0 0 0 0 0 0 0 0 0 0 0 0 0 0 0 0 0 0 0 0 0 0 0 0 0 0 0 
0 0 0 0 0 0 0 0 0 0 0 0 0 0 0 0 0 0 0 0 0 0 0 0 0 0 0 0 0 0 0 0 0 0 0 0 0 0 0 0 0 0 0 0 0 0 0 0 [0;31m1[0m 0 0 0 0 0 0 0 0 [0;31m1[0m [0;31m1[0m 0 0 0 0 0 0 0 0 0 0 0 0 0 0 0 [0;31m1[0m [0;31m1[0m [0;31m1[0m 0 0 0 0 0 0 0 0 0 0 0 0 0 0 0 0 0 0 0 0 0 0 0 
0 0 0 0 0 0 0 0 0 0 0 0 0 0 0 0 0 0 0 0 0 0 0 0 0 0 0 0 0 0 0 0 0 0 0 0 0 0 0 0 0 0 0 0 0 0 0 0 0 0 0 0 0 0 0 0 0 [0;31m1[0m [0;31m1[0m 0 0 0 0 0 0 0 0 0 0 0 0 0 0 [0;31m1[0m [0;31m1[0m [0;31m1[0m [0;31m1[0m 0 0 0 0 0 0 0 0 0 0 0 0 0 0 0 0 0 0 0 0 0 [0;31m1[0m [0;31m1[0m 
0 0 0 0 0 0 0 0 0 0 0 0 0 0 0 0 0 0 0 0 0 0 0 0 0 0 0 0 0 0 0 0 0 0 0 0 0 0 0 0 0 0 0 0 0 0 0 0 0 0 0 0 0 0 0 0 0 0 0 0 0 0 0 0 0 0 0 0 0 0 0 0 0 [0;31m1[0m [0;31m1[0m 0 0 [0;31m1[0m 0 0 0 0 0 0 0 0 0 0 0 0 [0;31m1[0m 0 0 0 0 0 0 0 [0;31m1[0m [0;31m1[0m 
0 0 0 0 0 0 0 0 0 0 0 0 0 0 0 0 0 0 0 0 0 0 0 0 0 0 0 0 0 0 0 0 0 0 0 0 [0;31m1[0m [0;31m1[0m 0 0 0 0 0 0 0 0 0 0 0 0 0 0 0 0 0 0 0 0 0 0 0 0 0 0 0 0 0 0 0 0 0 0 0 0 [0;31m1[0m 0 0 0 0 0 0 0 0 0 [0;31m1[0m 0 0 0 0 [0;31m1[0m [0;31m1[0m [0;31m1[0m 0 [0;31m1[0m 0 0 0 0 0 0 
0 0 0 0 0 0 0 0 0 0 0 0 0 0 0 0 0 0 0 0 0 0 0 0 0 0 0 0 0 0 0 0 0 0 0 0 [0;31m1[0m [0;31m1[0m 0 0 0 0 0 0 0 [0;31m1[0m [0;31m1[0m [0;31m1[0m 0 0 0 0 [0;31m1[0m [0;31m1[0m [0;31m1[0m [0;31m1[0m [0;31m1[0m 0 0 0 0 0 0 0 0 0 0 0 0 0 0 0 0 [0;31m1[0m 0 0 0 0 [0;31m1[0m [0;31m1[0m [0;31m1[0m 0 0 [0;31m1[0m [0;31m1[0m 0 0 0 0 [0;31m1[0m 0 0 [0;31m1[0m [0;31m1[0m [0;31m1[0m 0 0 0 0 0 
0 0 0 0 0 0 0 0 0 0 0 0 0 0 0 0 0 0 0 0 0 0 0 0 0 0 0 0 0 0 0 0 0 0 0 0 0 0 0 0 0 0 0 0 0 0 0 0 0 0 0 0 [0;31m1[0m [0;31m1[0m 0 [0;31m1[0m [0;31m1[0m 0 0 0 0 0 0 0 0 0 0 0 0 0 0 0 0 [0;31m1[0m 0 0 0 0 [0;31m1[0m 0 [0;31m1[0m 0 0 0 0 0 0 0 0 0 0 0 0 [0;31m1[0m 0 0 0 0 0 0 
0 0 0 0 0 0 0 0 0 0 0 0 0 0 0 0 0 0 0 0 0 0 0 0 0 0 0 0 0 0 0 0 0 0 0 0 0 0 0 0 0 0 0 0 0 0 0 [0;31m1[0m 0 0 0 0 [0;31m1[0m [0;31m1[0m [0;31m1[0m 0 0 0 0 0 0 0 0 0 0 [0;31m1[0m [0;31m1[0m [0;31m1[0m [0;31m1[0m [0;31m1[0m 0 0 0 0 0 0 0 [0;31m1[0m 0 0 [0;31m1[0m 0 0 [0;31m1[0m [0;31m1[0m [0;31m1[0m 0 0 0 0 0 0 [0;31m1[0m [0;31m1[0m 0 0 0 0 0 0 
0 0 0 0 0 0 0 0 0 0 0 0 0 0 0 0 0 0 0 0 0 0 0 0 0 0 0 0 0 0 0 0 0 0 0 0 0 0 0 0 0 0 0 [0;31m1[0m [0;31m1[0m [0;31m1[0m 0 0 0 0 0 0 0 0 0 0 0 0 0 0 0 0 0 0 0 [0;31m1[0m 0 0 0 0 [0;31m1[0m [0;31m1[0m 0 [0;31m1[0m 0 0 0 [0;31m1[0m 0 [0;31m1[0m 0 0 0 0 0 0 0 0 0 0 0 0 0 0 0 0 0 0 0 0 
0 0 0 0 0 0 0 0 0 0 0 0 0 0 0 0 0 0 0 0 0 0 0 0 0 0 0 0 0 0 0 0 0 0 0 0 0 0 0 0 0 0 0 [0;31m1[0m [0;31m1[0m 0 0 0 0 0 0 0 0 0 0 0 0 0 0 0 0 0 0 0 0 [0;31m1[0m 0 0 0 0 [0;31m1[0m 0 [0;31m1[0m 0 [0;31m1[0m 0 0 [0;31m1[0m [0;31m1[0m [0;31m1[0m 0 0 0 0 0 0 0 0 0 0 0 0 0 0 0 0 0 0 0 0 
0 0 0 0 0 0 0 0 0 0 0 0 0 0 0 0 0 0 0 0 0 0 0 0 0 0 0 0 0 [0;31m1[0m [0;31m1[0m 0 0 0 0 0 0 0 0 0 0 0 [0;31m1[0m 0 0 0 0 0 0 0 0 0 0 0 0 0 0 0 0 0 0 0 0 0 0 [0;31m1[0m [0;31m1[0m [0;31m1[0m [0;31m1[0m [0;31m1[0m 0 [0;31m1[0m [0;31m1[0m 0 [0;31m1[0m [0;31m1[0m 0 0 0 0 0 0 0 0 0 0 0 0 0 0 0 0 0 0 0 0 0 0 0 0 
0 0 0 0 0 0 0 0 0 0 0 0 0 0 0 0 0 0 0 0 0 0 0 0 0 0 0 0 [0;31m1[0m 0 0 [0;31m1[0m 0 0 0 0 0 0 [0;31m1[0m [0;31m1[0m 0 0 0 [0;31m1[0m 0 [0;31m1[0m 0 0 0 0 0 0 0 0 0 0 0 0 0 0 0 0 0 0 0 0 0 0 0 0 0 0 0 [0;31m1[0m [0;31m1[0m 0 0 0 0 0 0 0 0 0 0 0 0 0 0 0 0 0 0 0 0 0 0 0 0 0 
0 0 0 0 0 0 0 0 0 0 0 0 0 0 0 0 0 0 0 0 0 0 0 0 0 0 0 0 0 [0;31m1[0m [0;31m1[0m 0 0 0 0 0 0 0 [0;31m1[0m [0;31m1[0m [0;31m1[0m 0 0 0 0 [0;31m1[0m 0 0 0 0 0 0 0 0 0 0 0 0 0 0 0 0 0 0 0 0 0 0 0 0 0 0 0 0 0 0 0 0 0 0 0 0 0 0 0 0 0 0 0 0 0 0 [0;31m1[0m [0;31m1[0m 0 0 0 0 0 0 
0 0 0 0 0 0 0 0 0 0 0 0 0 0 0 0 [0;31m1[0m 0 0 0 0 0 0 0 0 0 0 0 0 0 0 0 0 0 0 0 0 0 [0;31m1[0m [0;31m1[0m 0 0 0 0 0 0 0 0 0 0 0 0 0 0 0 0 0 0 [0;31m1[0m [0;31m1[0m [0;31m1[0m 0 0 0 0 0 0 0 0 0 0 0 0 0 0 0 0 0 0 0 0 0 0 0 0 0 0 0 0 0 0 0 0 0 0 0 0 0 0 0 
0 0 0 0 0 0 0 0 0 0 [0;31m1[0m [0;31m1[0m 0 0 [0;31m1[0m [0;31m1[0m 0 [0;31m1[0m 0 0 0 0 0 0 0 0 0 0 0 0 0 0 0 0 0 0 0 0 [0;31m1[0m 0 [0;31m1[0m 0 0 0 0 0 0 0 0 0 0 0 0 0 [0;31m1[0m 0 0 0 0 0 0 0 0 0 0 0 0 0 0 0 0 0 0 0 0 0 0 0 0 0 0 0 0 0 0 0 0 0 0 0 0 0 0 0 0 0 0 0 0 0 
0 0 0 0 0 0 0 0 0 0 [0;31m1[0m [0;31m1[0m [0;31m1[0m [0;31m1[0m 0 0 0 0 [0;31m1[0m 0 0 0 0 0 0 0 0 0 0 0 0 0 0 0 0 0 0 0 0 0 0 0 0 0 0 0 0 0 0 0 0 0 0 [0;31m1[0m 0 [0;31m1[0m 0 0 0 0 0 0 0 0 0 0 [0;31m1[0m [0;31m1[0m [0;31m1[0m [0;31m1[0m 0 [0;31m1[0m 0 0 0 0 0 0 0 0 0 0 0 0 0 0 0 0 0 0 0 0 0 0 0 0 0 0 0 0 
0 0 0 0 0 0 0 0 [0;31m1[0m [0;31m1[0m 0 0 0 0 [0;31m1[0m 0 0 0 [0;31m1[0m 0 0 0 0 0 0 0 0 0 0 0 0 0 0 0 0 0 [0;31m1[0m 0 0 0 0 0 0 0 0 0 0 0 [0;31m1[0m 0 0 0 0 [0;31m1[0m 0 [0;31m1[0m 0 0 0 0 0 0 0 0 0 [0;31m1[0m 0 0 [0;31m1[0m [0;31m1[0m [0;31m1[0m [0;31m1[0m 0 0 0 [0;31m1[0m [0;31m1[0m 0 0 0 0 0 0 0 0 0 0 [0;31m1[0m [0;31m1[0m 0 0 0 0 0 0 0 0 0 0 0 
0 0 0 0 0 0 0 0 [0;31m1[0m 0 0 [0;31m1[0m 0 [0;31m1[0m 0 [0;31m1[0m [0;31m1[0m [0;31m1[0m [0;31m1[0m 0 0 0 0 0 0 0 0 0 0 0 0 0 0 [0;31m1[0m [0;31m1[0m 0 0 0 0 0 0 0 0 0 0 0 [0;31m1[0m [0;31m1[0m [0;31m1[0m 0 0 0 0 0 [0;31m1[0m 0 0 0 0 0 0 0 0 0 [0;31m1[0m [0;31m1[0m [0;31m1[0m 0 [0;31m1[0m 0 [0;31m1[0m 0 0 0 0 [0;31m1[0m [0;31m1[0m 0 0 0 0 0 0 0 0 0 0 [0;31m1[0m [0;31m1[0m 0 0 0 0 0 0 [0;31m1[0m [0;31m1[0m 0 0 0 
0 0 0 0 0 0 0 0 [0;31m1[0m 0 0 0 [0;31m1[0m [0;31m1[0m [0;31m1[0m 0 0 [0;31m1[0m 0 0 0 0 0 0 0 0 0 0 0 0 0 0 0 0 0 0 [0;31m1[0m 0 0 [0;31m1[0m 0 0 0 0 0 [0;31m1[0m 0 0 0 0 0 0 0 0 0 0 0 0 0 0 0 0 0 0 [0;31m1[0m [0;31m1[0m [0;31m1[0m 0 0 0 0 0 0 0 0 0 0 0 0 0 0 [0;31m1[0m [0;31m1[0m 0 0 0 0 0 0 0 0 0 0 0 [0;31m1[0m 0 [0;31m1[0m 0 0 0 
0 0 0 0 0 0 0 0 0 [0;31m1[0m [0;31m1[0m [0;31m1[0m 0 0 [0;31m1[0m 0 0 [0;31m1[0m 0 0 0 0 0 0 0 0 0 0 0 0 0 0 [0;31m1[0m 0 0 [0;31m1[0m [0;31m1[0m 0 [0;31m1[0m [0;31m1[0m 0 [0;31m1[0m [0;31m1[0m 0 [0;31m1[0m 0 0 0 [0;31m1[0m 0 0 0 0 0 0 0 0 0 0 0 0 0 0 0 0 [0;31m1[0m 0 [0;31m1[0m 0 0 0 0 0 0 0 0 0 0 0 0 [0;31m1[0m 0 0 [0;31m1[0m 0 0 0 0 0 0 0 0 0 0 0 [0;31m1[0m 0 0 0 0 
0 0 0 0 0 0 0 0 0 0 0 0 0 0 0 0 0 0 [0;31m1[0m [0;31m1[0m 0 0 0 0 0 0 0 0 0 0 0 0 0 [0;31m1[0m [0;31m1[0m 0 [0;31m1[0m [0;31m1[0m [0;31m1[0m 0 0 0 [0;31m1[0m 0 0 0 0 0 [0;31m1[0m 0 0 0 0 [0;31m1[0m [0;31m1[0m 0 0 0 0 0 0 0 0 0 0 0 [0;31m1[0m [0;31m1[0m [0;31m1[0m 0 0 0 0 0 0 0 0 0 0 0 0 [0;31m1[0m [0;31m1[0m 0 0 0 0 0 0 0 0 0 0 0 0 0 0 0 0 0 
0 0 0 0 0 0 0 0 0 0 0 0 0 0 [0;31m1[0m 0 0 [0;31m1[0m [0;31m1[0m 0 [0;31m1[0m 0 0 0 0 0 0 0 0 0 0 0 0 0 0 0 [0;31m1[0m 0 0 [0;31m1[0m 0 [0;31m1[0m 0 0 0 0 0 0 0 0 0 0 0 0 [0;31m1[0m 0 0 0 0 0 0 0 0 0 0 0 [0;31m1[0m [0;31m1[0m 0 0 0 0 0 0 [0;31m1[0m 0 0 0 0 0 0 0 0 0 0 0 0 0 0 0 0 0 0 0 0 0 0 0 0 0 
0 0 0 0 0 0 0 0 0 0 0 0 0 0 [0;31m1[0m [0;31m1[0m 0 0 0 0 0 [0;31m1[0m 0 0 0 0 0 0 0 0 0 0 0 0 0 0 [0;31m1[0m [0;31m1[0m [0;31m1[0m [0;31m1[0m [0;31m1[0m [0;31m1[0m 0 0 0 0 0 0 [0;31m1[0m 0 0 0 0 [0;31m1[0m 0 0 0 0 0 0 0 0 0 0 0 0 0 0 0 0 0 0 0 [0;31m1[0m 0 [0;31m1[0m 0 0 0 0 0 0 0 0 0 0 0 0 0 0 0 0 0 0 0 0 0 0 0 0 
0 0 0 0 0 0 0 0 0 0 0 0 0 0 0 [0;31m1[0m 0 [0;31m1[0m [0;31m1[0m 0 0 [0;31m1[0m 0 0 0 0 0 0 0 0 0 0 0 0 0 0 [0;31m1[0m [0;31m1[0m [0;31m1[0m [0;31m1[0m [0;31m1[0m [0;31m1[0m 0 0 [0;31m1[0m 0 0 0 0 0 0 [0;31m1[0m [0;31m1[0m 0 0 0 0 [0;31m1[0m 0 0 0 0 0 0 0 0 0 0 0 0 0 [0;31m1[0m [0;31m1[0m 0 0 [0;31m1[0m 0 0 0 0 0 0 0 0 0 0 0 0 0 0 0 0 0 0 0 0 0 0 0 0 
0 0 0 0 0 0 0 0 0 0 0 0 0 0 0 0 [0;31m1[0m 0 0 0 0 [0;31m1[0m [0;31m1[0m 0 0 0 0 0 0 0 0 0 0 0 0 0 0 [0;31m1[0m [0;31m1[0m [0;31m1[0m 0 0 0 0 0 0 0 [0;31m1[0m 0 0 0 [0;31m1[0m [0;31m1[0m [0;31m1[0m 0 0 [0;31m1[0m [0;31m1[0m 0 0 0 0 0 0 0 0 0 0 0 [0;31m1[0m [0;31m1[0m 0 0 0 [0;31m1[0m 0 0 0 0 0 0 0 0 0 0 0 0 0 0 0 0 0 0 0 0 0 0 0 0 0 
0 0 0 0 0 0 0 0 0 0 0 0 0 0 0 0 0 0 0 [0;31m1[0m 0 [0;31m1[0m 0 0 0 0 0 [0;31m1[0m 0 0 0 0 0 0 0 0 0 0 [0;31m1[0m 0 0 0 0 0 0 [0;31m1[0m 0 0 0 0 [0;31m1[0m 0 0 [0;31m1[0m 0 0 0 [0;31m1[0m 0 0 0 0 0 0 0 0 0 0 0 0 0 0 0 0 [0;31m1[0m 0 0 0 0 0 0 0 0 0 0 0 0 0 0 0 0 0 0 0 0 0 0 0 0 0 
0 0 0 0 0 0 0 0 0 0 0 0 [0;31m1[0m 0 0 0 [0;31m1[0m [0;31m1[0m 0 [0;31m1[0m 0 0 0 0 0 [0;31m1[0m 0 [0;31m1[0m [0;31m1[0m 0 0 0 0 0 0 0 0 0 0 0 0 0 0 0 0 [0;31m1[0m 0 0 0 0 [0;31m1[0m 0 0 [0;31m1[0m 0 0 0 0 0 0 0 0 0 0 [0;31m1[0m [0;31m1[0m 0 0 0 [0;31m1[0m 0 0 [0;31m1[0m 0 0 0 0 0 0 0 0 0 0 0 0 0 0 0 0 0 0 0 0 0 0 0 0 0 0 0 
0 0 0 0 0 0 0 0 0 0 0 0 [0;31m1[0m 0 0 0 0 0 0 [0;31m1[0m [0;31m1[0m 0 0 0 0 0 0 [0;31m1[0m 0 0 0 [0;31m1[0m [0;31m1[0m 0 [0;31m1[0m [0;31m1[0m [0;31m1[0m 0 0 0 0 0 0 0 0 0 0 0 0 0 [0;31m1[0m 0 [0;31m1[0m 0 0 0 0 0 0 0 0 0 0 0 [0;31m1[0m [0;31m1[0m 0 0 0 0 0 0 0 0 0 0 0 0 0 0 0 0 0 0 0 0 0 0 0 0 0 0 0 0 0 0 0 0 0 0 
0 0 0 0 0 0 0 0 0 0 0 0 0 0 [0;31m1[0m [0;31m1[0m 0 [0;31m1[0m 0 0 0 0 0 0 [0;31m1[0m 0 [0;31m1[0m 0 0 0 [0;31m1[0m 0 0 [0;31m1[0m 0 [0;31m1[0m [0;31m1[0m 0 0 0 0 0 0 0 0 0 0 0 0 0 0 0 0 0 0 0 0 0 0 0 0 0 0 0 0 0 0 0 0 0 0 0 0 0 0 0 0 0 0 0 0 0 0 0 0 0 0 0 0 0 0 0 0 0 0 0 0 0 0 0 
0 0 0 0 0 0 0 [0;31m1[0m 0 0 [0;31m1[0m 0 0 0 0 [0;31m1[0m 0 [0;31m1[0m [0;31m1[0m 0 0 0 0 0 0 [0;31m1[0m 0 [0;31m1[0m 0 [0;31m1[0m [0;31m1[0m [0;31m1[0m [0;31m1[0m [0;31m1[0m [0;31m1[0m 0 0 0 0 0 0 0 0 0 0 0 0 0 0 0 0 0 0 0 0 0 0 0 0 0 0 [0;31m1[0m 0 0 0 0 0 0 0 0 0 0 0 0 0 0 0 0 0 0 0 0 0 0 0 0 0 0 0 0 0 0 0 0 0 0 0 0 0 0 
0 0 0 0 0 0 0 [0;31m1[0m 0 [0;31m1[0m 0 0 0 0 [0;31m1[0m 0 0 [0;31m1[0m 0 0 0 0 0 0 0 [0;31m1[0m [0;31m1[0m [0;31m1[0m [0;31m1[0m 0 [0;31m1[0m [0;31m1[0m [0;31m1[0m 0 0 0 0 0 0 0 0 0 0 0 0 0 0 0 0 0 0 0 0 0 0 0 0 0 0 0 [0;31m1[0m [0;31m1[0m 0 0 0 0 0 0 0 0 0 0 0 0 0 0 0 0 0 0 0 0 0 0 0 0 0 0 0 0 0 0 0 0 0 0 0 0 0 0 
0 0 0 0 0 0 0 [0;31m1[0m 0 0 0 [0;31m1[0m 0 0 0 0 [0;31m1[0m [0;31m1[0m 0 0 0 0 0 0 0 0 [0;31m1[0m [0;31m1[0m 0 0 [0;31m1[0m [0;31m1[0m [0;31m1[0m 0 0 [0;31m1[0m 0 0 0 0 0 0 0 0 0 0 0 0 0 0 0 0 0 0 0 0 0 0 0 0 [0;31m1[0m [0;31m1[0m 0 0 0 0 0 0 0 0 0 [0;31m1[0m [0;31m1[0m 0 0 0 0 0 0 [0;31m1[0m [0;31m1[0m 0 0 [0;31m1[0m 0 0 0 0 0 0 0 0 0 0 0 0 0 0 0 0 
0 0 0 0 0 0 0 0 [0;31m1[0m [0;31m1[0m [0;31m1[0m 0 0 0 0 0 [0;31m1[0m 0 0 0 0 0 0 0 0 0 0 0 0 0 0 0 [0;31m1[0m [0;31m1[0m [0;31m1[0m 0 [0;31m1[0m [0;31m1[0m 0 0 0 0 0 0 0 0 0 0 0 0 0 0 0 0 0 0 0 0 0 0 0 0 0 0 0 [0;31m1[0m [0;31m1[0m 0 [0;31m1[0m 0 0 0 [0;31m1[0m 0 0 [0;31m1[0m 0 0 [0;31m1[0m [0;31m1[0m 0 0 0 0 [0;31m1[0m 0 0 0 0 0 0 0 0 0 0 0 0 0 0 0 
0 0 0 0 0 0 0 0 0 [0;31m1[0m 0 0 [0;31m1[0m 0 0 [0;31m1[0m 0 [0;31m1[0m 0 0 0 0 0 0 0 0 0 0 0 0 0 0 [0;31m1[0m [0;31m1[0m [0;31m1[0m 0 [0;31m1[0m [0;31m1[0m 0 0 0 0 0 0 0 0 0 0 0 0 0 0 0 0 0 0 0 0 0 0 0 0 0 0 [0;31m1[0m 0 0 0 [0;31m1[0m 0 0 0 0 [0;31m1[0m 0 [0;31m1[0m 0 0 0 0 [0;31m1[0m 0 0 0 [0;31m1[0m [0;31m1[0m 0 0 0 0 0 0 0 0 0 0 0 0 0 0 
0 0 0 0 0 0 0 0 0 [0;31m1[0m [0;31m1[0m 0 [0;31m1[0m 0 0 [0;31m1[0m [0;31m1[0m 0 0 0 0 0 0 0 0 0 0 0 0 0 0 0 [0;31m1[0m 0 0 [0;31m1[0m 0 0 0 0 0 0 [0;31m1[0m [0;31m1[0m 0 0 0 0 0 0 0 0 0 0 0 0 0 0 0 0 0 0 0 0 0 0 0 0 [0;31m1[0m 0 0 0 0 0 [0;31m1[0m 0 0 0 0 0 0 0 0 [0;31m1[0m [0;31m1[0m 0 0 0 0 0 0 0 0 0 0 0 0 0 0 0 
0 0 0 0 0 0 0 0 0 0 [0;31m1[0m 0 [0;31m1[0m [0;31m1[0m 0 0 0 0 0 0 0 0 0 0 0 0 0 0 0 0 0 0 0 [0;31m1[0m [0;31m1[0m 0 0 0 0 0 0 0 0 0 0 0 0 0 [0;31m1[0m [0;31m1[0m [0;31m1[0m [0;31m1[0m 0 0 0 0 0 0 0 0 0 0 0 0 0 0 0 0 0 0 0 0 0 0 0 0 0 0 0 0 0 0 0 0 0 0 0 0 0 0 0 0 0 0 0 0 0 0 0 0 
0 0 0 0 0 0 0 0 0 0 0 [0;31m1[0m 0 0 0 0 0 0 0 0 0 0 0 0 0 0 0 0 0 0 0 0 0 0 0 0 0 0 0 [0;31m1[0m 0 0 0 0 0 0 0 [0;31m1[0m 0 [0;31m1[0m [0;31m1[0m 0 [0;31m1[0m 0 0 0 0 0 0 0 0 0 0 0 0 0 0 0 0 0 0 0 0 0 0 0 0 0 0 0 0 0 0 0 0 0 0 0 0 0 0 0 0 0 0 0 0 0 0 0 
0 0 0 0 0 0 0 0 0 0 0 0 0 0 0 0 0 0 0 0 0 0 0 0 0 0 0 0 0 0 0 0 0 0 0 0 0 0 [0;31m1[0m 0 [0;31m1[0m 0 0 0 0 [0;31m1[0m 0 0 0 0 [0;31m1[0m [0;31m1[0m 0 0 0 0 0 0 0 0 0 0 0 0 0 0 0 0 0 0 0 0 0 0 0 0 0 0 0 0 0 0 0 0 0 0 0 0 0 0 0 0 0 0 0 0 0 0 0 0 
0 0 0 0 0 0 0 0 0 0 0 0 0 0 0 0 0 0 0 0 0 [0;31m1[0m [0;31m1[0m [0;31m1[0m 0 0 0 0 0 0 0 0 0 0 0 0 [0;31m1[0m [0;31m1[0m 0 0 0 0 0 0 0 [0;31m1[0m 0 0 [0;31m1[0m 0 0 0 0 0 0 0 0 0 0 0 0 0 0 0 0 0 [0;31m1[0m 0 0 0 0 0 0 0 0 0 0 0 0 0 0 0 0 0 0 0 0 0 0 0 0 0 0 0 0 0 0 0 0 0 
0 0 0 0 0 0 0 0 0 0 0 0 0 0 0 0 0 0 0 0 0 0 0 0 0 0 0 0 0 0 0 0 0 0 [0;31m1[0m 0 [0;31m1[0m [0;31m1[0m [0;31m1[0m 0 0 0 0 0 0 0 [0;31m1[0m 0 0 0 0 0 0 0 0 0 0 0 0 0 0 0 0 0 0 [0;31m1[0m 0 [0;31m1[0m 0 0 0 0 0 0 0 0 0 0 0 0 0 [0;31m1[0m [0;31m1[0m [0;31m1[0m 0 0 0 0 0 0 0 0 0 0 0 0 0 0 0 0 
0 0 0 0 0 0 0 0 0 0 0 0 0 0 0 0 0 0 0 0 0 0 0 0 0 0 0 0 0 0 0 0 [0;31m1[0m [0;31m1[0m [0;31m1[0m 0 0 0 0 0 0 0 0 0 0 0 0 0 0 0 0 0 0 0 0 0 0 0 0 0 0 0 0 0 0 [0;31m1[0m 0 [0;31m1[0m 0 0 0 0 0 0 0 0 0 0 0 0 0 0 0 0 [0;31m1[0m 0 0 0 0 0 0 0 0 0 0 0 0 0 0 0 
0 0 0 0 0 0 0 0 0 0 0 0 0 0 0 0 0 0 0 0 0 0 0 0 0 0 0 0 0 0 0 [0;31m1[0m 0 0 [0;31m1[0m 0 0 0 0 0 0 0 0 0 0 0 0 0 0 0 0 0 0 0 0 0 0 0 0 0 0 0 0 0 0 0 [0;31m1[0m 0 0 0 0 0 0 0 0 0 0 0 0 0 [0;31m1[0m 0 0 0 [0;31m1[0m 0 0 0 0 0 0 0 0 0 0 0 0 0 0 0 
0 0 0 0 0 0 0 0 0 0 0 0 0 0 0 0 0 0 0 0 0 0 0 0 0 0 0 0 0 0 0 [0;31m1[0m 0 [0;31m1[0m [0;31m1[0m 0 0 0 [0;31m1[0m [0;31m1[0m 0 0 0 0 [0;31m1[0m 0 0 0 0 0 0 0 0 0 0 0 0 0 0 0 0 0 0 0 0 0 0 0 0 0 0 0 0 0 0 0 0 0 0 [0;31m1[0m [0;31m1[0m 0 [0;31m1[0m [0;31m1[0m 0 [0;31m1[0m [0;31m1[0m 0 0 0 0 0 0 0 0 0 0 0 0 0 
0 0 0 0 0 0 0 0 0 0 0 0 0 0 0 0 0 0 0 0 0 0 0 0 0 0 0 0 0 0 0 0 [0;31m1[0m [0;31m1[0m [0;31m1[0m 0 0 0 [0;31m1[0m 0 [0;31m1[0m 0 0 0 [0;31m1[0m 0 0 0 0 0 0 0 0 0 0 0 0 0 0 0 0 0 0 0 0 0 0 0 0 0 0 0 0 0 0 0 0 0 0 0 [0;31m1[0m [0;31m1[0m [0;31m1[0m 0 [0;31m1[0m 0 0 [0;31m1[0m 0 0 0 0 0 0 0 0 0 0 0 0 
0 0 0 0 0 0 0 0 0 0 0 0 0 0 0 0 0 0 0 [0;31m1[0m [0;31m1[0m 0 0 0 0 0 0 0 0 0 0 0 0 0 [0;31m1[0m [0;31m1[0m 0 0 [0;31m1[0m 0 [0;31m1[0m 0 0 0 0 0 0 0 0 0 0 0 0 0 0 0 0 0 0 0 [0;31m1[0m 0 0 0 0 0 0 0 0 0 0 0 0 0 0 0 0 [0;31m1[0m [0;31m1[0m 0 0 [0;31m1[0m 0 [0;31m1[0m [0;31m1[0m 0 0 [0;31m1[0m 0 0 0 0 0 0 0 0 0 0 0 0 
0 0 0 0 0 0 0 0 0 0 0 0 0 0 0 0 0 0 [0;31m1[0m 0 0 [0;31m1[0m 0 0 0 0 0 0 0 0 0 0 0 0 0 [0;31m1[0m 0 0 [0;31m1[0m [0;31m1[0m [0;31m1[0m 0 0 0 0 0 0 0 0 0 0 0 0 0 0 0 0 0 0 [0;31m1[0m 0 [0;31m1[0m 0 0 0 0 0 0 0 0 0 0 0 0 0 0 0 0 [0;31m1[0m [0;31m1[0m [0;31m1[0m 0 [0;31m1[0m [0;31m1[0m 0 0 0 [0;31m1[0m 0 0 0 0 0 0 0 0 0 0 0 0 
0 0 0 0 0 0 0 0 0 0 0 0 0 0 0 0 0 0 0 [0;31m1[0m [0;31m1[0m 0 0 0 0 0 0 0 0 0 0 0 0 0 0 0 0 0 [0;31m1[0m [0;31m1[0m 0 0 0 0 0 0 0 0 0 0 0 0 0 0 0 0 0 0 0 [0;31m1[0m 0 [0;31m1[0m 0 0 0 0 0 0 0 0 0 0 0 0 0 0 0 0 0 [0;31m1[0m [0;31m1[0m [0;31m1[0m [0;31m1[0m [0;31m1[0m [0;31m1[0m [0;31m1[0m 0 0 0 0 0 0 0 0 0 0 0 0 0 0 
0 0 0 0 0 0 0 0 0 0 0 0 0 0 0 [0;31m1[0m 0 0 0 0 [0;31m1[0m [0;31m1[0m [0;31m1[0m 0 0 0 0 0 0 0 0 0 0 0 0 0 0 0 0 0 0 0 0 0 0 0 0 0 0 0 0 0 0 0 0 0 0 0 0 0 [0;31m1[0m 0 0 0 0 0 0 0 0 0 0 0 0 0 0 0 0 0 0 0 0 [0;31m1[0m [0;31m1[0m 0 [0;31m1[0m 0 0 0 0 0 0 0 0 0 0 0 0 0 0 0 
0 0 0 0 0 0 0 0 0 0 0 0 0 0 [0;31m1[0m 0 [0;31m1[0m [0;31m1[0m 0 0 0 [0;31m1[0m [0;31m1[0m [0;31m1[0m [0;31m1[0m 0 0 0 0 0 0 0 0 [0;31m1[0m [0;31m1[0m 0 0 0 0 0 0 0 0 0 0 0 0 [0;31m1[0m [0;31m1[0m 0 0 0 0 0 0 0 0 0 0 0 0 0 0 0 0 0 [0;31m1[0m [0;31m1[0m 0 0 0 0 0 0 0 0 0 0 0 0 0 0 [0;31m1[0m 0 0 0 0 0 0 0 0 0 0 0 0 0 0 0 0 0 
0 0 0 0 0 0 0 0 0 0 0 0 0 0 [0;31m1[0m 0 0 0 0 0 0 [0;31m1[0m 0 0 0 [0;31m1[0m [0;31m1[0m 0 0 0 0 0 0 0 [0;31m1[0m 0 0 0 0 0 0 0 0 0 0 0 [0;31m1[0m 0 [0;31m1[0m 0 0 0 [0;31m1[0m 0 [0;31m1[0m 0 0 0 0 0 0 0 0 0 0 [0;31m1[0m 0 0 [0;31m1[0m 0 0 0 0 0 [0;31m1[0m [0;31m1[0m [0;31m1[0m 0 0 0 0 0 0 0 0 0 0 0 0 0 0 0 0 0 0 0 0 0 0 0 
0 0 0 0 0 0 0 0 0 0 0 0 0 [0;31m1[0m [0;31m1[0m 0 [0;31m1[0m [0;31m1[0m 0 0 0 0 [0;31m1[0m [0;31m1[0m [0;31m1[0m 0 [0;31m1[0m [0;31m1[0m 0 0 0 0 0 0 [0;31m1[0m 0 [0;31m1[0m [0;31m1[0m 0 0 0 0 0 0 0 0 [0;31m1[0m 0 0 0 0 0 [0;31m1[0m 0 [0;31m1[0m 0 0 0 0 0 0 0 0 0 0 0 [0;31m1[0m 0 [0;31m1[0m 0 0 0 0 [0;31m1[0m 0 0 0 [0;31m1[0m 0 0 0 0 0 0 0 0 0 0 0 0 0 0 0 0 0 0 0 0 0 0 
0 0 0 0 0 0 0 0 0 0 [0;31m1[0m 0 [0;31m1[0m [0;31m1[0m [0;31m1[0m 0 0 0 0 0 0 0 0 [0;31m1[0m [0;31m1[0m [0;31m1[0m 0 [0;31m1[0m [0;31m1[0m 0 0 0 0 0 0 [0;31m1[0m [0;31m1[0m [0;31m1[0m 0 0 0 0 0 0 0 0 0 0 0 0 0 0 0 0 [0;31m1[0m 0 0 0 0 0 0 0 0 0 0 0 0 [0;31m1[0m 0 0 0 0 0 0 0 0 0 0 0 0 0 0 0 0 0 0 0 0 0 0 0 0 0 0 0 0 0 0 0 0 
0 0 0 0 0 0 0 0 0 [0;31m1[0m 0 [0;31m1[0m [0;31m1[0m 0 0 0 0 0 0 0 0 0 0 0 0 0 0 [0;31m1[0m [0;31m1[0m 0 0 0 0 0 0 0 0 0 0 0 0 0 0 0 0 0 0 0 0 0 [0;31m1[0m [0;31m1[0m 0 [0;31m1[0m 0 0 0 0 0 0 0 0 0 0 0 0 0 0 0 0 0 0 0 0 0 0 0 0 [0;31m1[0m 0 0 0 0 0 0 0 0 0 0 0 0 0 0 0 0 0 0 0 0 0 
0 0 0 0 [0;31m1[0m [0;31m1[0m 0 0 0 [0;31m1[0m 0 [0;31m1[0m [0;31m1[0m 0 0 0 0 0 0 0 0 0 [0;31m1[0m [0;31m1[0m [0;31m1[0m 0 0 [0;31m1[0m [0;31m1[0m 0 0 0 0 0 0 0 0 0 0 0 0 0 0 0 0 0 0 [0;31m1[0m [0;31m1[0m [0;31m1[0m 0 [0;31m1[0m 0 [0;31m1[0m 0 0 0 0 0 0 0 0 0 0 0 0 0 0 0 0 0 0 0 [0;31m1[0m [0;31m1[0m 0 [0;31m1[0m [0;31m1[0m [0;31m1[0m [0;31m1[0m 0 0 0 0 0 0 0 0 0 0 0 0 0 0 0 0 0 0 0 0 
0 [0;31m1[0m [0;31m1[0m 0 0 0 0 0 0 0 [0;31m1[0m [0;31m1[0m [0;31m1[0m 0 [0;31m1[0m 0 0 0 0 0 0 [0;31m1[0m 0 0 [0;31m1[0m 0 0 0 0 0 0 0 0 0 0 0 0 0 0 0 0 0 0 0 0 0 0 0 [0;31m1[0m [0;31m1[0m 0 [0;31m1[0m 0 0 0 0 0 0 0 0 0 0 0 0 [0;31m1[0m [0;31m1[0m 0 0 0 0 0 0 0 0 [0;31m1[0m 0 [0;31m1[0m [0;31m1[0m [0;31m1[0m [0;31m1[0m 0 0 0 0 0 0 0 0 0 0 0 0 0 0 0 0 0 0 0 0 
0 [0;31m1[0m 0 0 0 0 0 0 0 0 0 0 [0;31m1[0m 0 [0;31m1[0m 0 0 0 0 0 0 [0;31m1[0m 0 0 0 0 0 0 0 0 0 0 0 0 0 0 0 0 0 0 0 0 0 0 0 0 0 0 0 0 0 0 0 0 0 [0;31m1[0m [0;31m1[0m 0 0 0 0 0 0 [0;31m1[0m 0 [0;31m1[0m 0 0 0 0 0 0 0 0 [0;31m1[0m 0 0 0 0 0 0 0 0 0 0 0 0 0 0 0 0 0 0 0 0 0 0 0 0 0 
0 [0;31m1[0m [0;31m1[0m [0;31m1[0m 0 [0;31m1[0m [0;31m1[0m [0;31m1[0m 0 0 0 0 [0;31m1[0m 0 0 0 0 0 0 0 0 0 [0;31m1[0m [0;31m1[0m [0;31m1[0m [0;31m1[0m 0 0 0 0 0 0 0 0 0 0 0 0 0 0 0 0 0 0 0 0 0 0 0 [0;31m1[0m 0 [0;31m1[0m 0 0 0 [0;31m1[0m [0;31m1[0m 0 0 0 0 0 [0;31m1[0m 0 [0;31m1[0m 0 0 0 0 0 0 0 0 0 0 0 0 [0;31m1[0m 0 0 0 0 0 0 0 0 0 0 0 0 0 0 0 0 0 0 0 0 0 0 
0 0 0 0 0 0 0 [0;31m1[0m [0;31m1[0m 0 0 0 0 0 0 0 0 0 0 0 0 0 0 0 [0;31m1[0m 0 0 0 0 0 0 0 0 0 0 0 0 0 0 0 0 0 0 [0;31m1[0m 0 0 0 0 0 [0;31m1[0m 0 0 [0;31m1[0m [0;31m1[0m 0 0 0 0 0 0 0 0 [0;31m1[0m [0;31m1[0m 0 0 0 0 0 0 0 0 0 0 0 [0;31m1[0m 0 0 0 0 0 0 0 0 0 0 0 0 0 0 0 0 0 0 0 0 0 0 0 0 
0 0 0 0 0 0 [0;31m1[0m [0;31m1[0m [0;31m1[0m 0 0 0 0 0 0 0 0 0 0 0 0 0 0 0 0 0 0 0 0 0 0 0 0 0 0 0 0 0 0 0 0 0 0 [0;31m1[0m 0 [0;31m1[0m 0 0 0 0 [0;31m1[0m 0 [0;31m1[0m [0;31m1[0m 0 0 0 0 0 0 0 0 [0;31m1[0m [0;31m1[0m 0 0 0 0 0 0 0 0 [0;31m1[0m [0;31m1[0m 0 0 [0;31m1[0m 0 0 0 0 0 0 0 [0;31m1[0m 0 0 0 0 0 0 0 0 0 0 0 0 0 0 0 
0 0 0 0 0 0 [0;31m1[0m [0;31m1[0m [0;31m1[0m 0 0 0 0 0 0 0 0 0 0 0 0 0 0 0 0 0 0 0 0 0 0 0 0 0 0 0 0 0 0 0 0 0 0 0 0 [0;31m1[0m [0;31m1[0m [0;31m1[0m [0;31m1[0m 0 [0;31m1[0m 0 0 0 [0;31m1[0m 0 0 0 0 0 0 0 0 0 0 0 0 0 0 0 0 0 0 [0;31m1[0m [0;31m1[0m [0;31m1[0m 0 0 0 0 0 0 0 0 [0;31m1[0m [0;31m1[0m [0;31m1[0m 0 0 0 0 0 0 0 0 0 0 0 0 0 
0 0 0 0 0 0 0 [0;31m1[0m [0;31m1[0m 0 0 0 0 0 0 0 0 0 0 0 0 0 0 0 0 0 0 0 0 0 0 0 0 0 0 0 0 0 0 0 0 0 0 0 [0;31m1[0m [0;31m1[0m 0 [0;31m1[0m [0;31m1[0m 0 0 [0;31m1[0m 0 [0;31m1[0m [0;31m1[0m [0;31m1[0m 0 0 0 0 0 0 0 0 0 0 0 0 0 [0;31m1[0m [0;31m1[0m 0 0 0 [0;31m1[0m 0 0 0 0 0 0 0 0 0 0 0 0 0 0 0 0 0 0 0 0 0 0 0 0 0 
0 0 0 0 [0;31m1[0m 0 [0;31m1[0m [0;31m1[0m 0 0 0 0 0 0 0 0 0 0 0 0 0 0 0 0 0 0 0 0 0 0 0 0 0 0 0 0 0 0 0 0 0 0 0 0 0 0 0 0 [0;31m1[0m 0 0 0 0 0 [0;31m1[0m [0;31m1[0m 0 0 0 0 0 0 0 0 0 0 0 0 0 [0;31m1[0m [0;31m1[0m 0 0 0 0 0 0 0 0 [0;31m1[0m [0;31m1[0m 0 0 0 [0;31m1[0m [0;31m1[0m [0;31m1[0m 0 0 0 0 0 0 0 0 0 0 0 0 0 
0 0 0 0 0 [0;31m1[0m [0;31m1[0m 0 0 0 0 [0;31m1[0m 0 0 0 0 0 0 0 0 0 0 0 0 0 0 0 0 0 0 0 0 0 0 0 0 0 0 0 0 0 0 0 0 0 0 0 0 [0;31m1[0m [0;31m1[0m [0;31m1[0m [0;31m1[0m 0 0 0 0 0 0 0 0 0 0 0 0 0 0 0 0 0 0 0 0 0 0 0 0 0 0 [0;31m1[0m 0 0 0 0 0 0 [0;31m1[0m [0;31m1[0m 0 0 0 0 0 0 0 0 0 0 0 0 0 
0 0 0 0 0 0 0 0 0 0 0 [0;31m1[0m [0;31m1[0m 0 0 0 0 0 0 0 0 0 0 0 0 0 0 0 0 0 0 0 0 0 0 0 0 0 0 0 0 0 0 0 0 0 0 0 0 [0;31m1[0m 0 0 0 [0;31m1[0m 0 0 0 0 0 0 0 0 0 0 0 0 0 0 0 0 0 0 0 0 0 0 0 0 0 [0;31m1[0m [0;31m1[0m 0 0 0 0 0 [0;31m1[0m 0 0 0 0 0 0 0 0 0 0 0 0 0 
0 0 0 0 0 0 [0;31m1[0m [0;31m1[0m 0 0 0 0 [0;31m1[0m [0;31m1[0m 0 0 0 0 [0;31m1[0m [0;31m1[0m 0 0 0 0 0 0 0 0 0 0 0 0 0 0 0 0 0 0 0 0 0 0 0 0 0 0 0 0 0 [0;31m1[0m 0 [0;31m1[0m 0 0 0 0 0 [0;31m1[0m 0 0 0 0 0 0 0 0 0 0 0 0 0 0 0 0 0 0 0 0 0 0 0 0 0 0 0 [0;31m1[0m [0;31m1[0m 0 0 0 0 0 0 0 0 0 0 0 0 0 
0 0 0 0 0 0 0 0 0 0 0 0 0 [0;31m1[0m 0 0 0 0 [0;31m1[0m [0;31m1[0m 0 0 0 0 0 0 0 0 0 0 0 0 0 0 0 0 0 0 0 0 0 0 0 0 0 0 0 0 0 0 [0;31m1[0m 0 0 [0;31m1[0m [0;31m1[0m 0 [0;31m1[0m 0 [0;31m1[0m 0 0 0 0 0 0 0 0 0 0 0 0 0 0 0 0 0 0 0 0 0 0 0 0 [0;31m1[0m [0;31m1[0m 0 [0;31m1[0m 0 0 0 0 0 0 0 0 0 0 0 0 0 
0 0 0 0 0 0 0 0 0 [0;31m1[0m 0 0 0 [0;31m1[0m [0;31m1[0m 0 0 0 0 0 0 0 0 0 0 0 0 0 0 0 0 0 0 0 0 0 0 0 0 0 0 0 0 0 0 0 0 0 0 0 0 [0;31m1[0m [0;31m1[0m [0;31m1[0m [0;31m1[0m [0;31m1[0m 0 0 0 [0;31m1[0m 0 0 0 0 0 0 0 0 0 0 0 0 0 0 0 0 0 0 0 0 0 0 0 0 0 0 0 0 0 0 0 0 0 0 0 0 0 0 0 0 
0 0 0 0 0 0 0 [0;31m1[0m 0 [0;31m1[0m 0 0 0 0 0 0 0 0 0 0 0 0 0 0 0 0 0 0 0 0 0 [0;31m1[0m 0 0 0 0 0 0 0 0 0 [0;31m1[0m 0 0 0 0 0 0 0 0 0 0 0 [0;31m1[0m 0 [0;31m1[0m [0;31m1[0m 0 0 [0;31m1[0m 0 0 0 0 0 0 0 0 0 0 0 0 0 0 0 0 0 0 0 0 0 0 0 [0;31m1[0m 0 0 [0;31m1[0m 0 0 [0;31m1[0m [0;31m1[0m 0 0 0 0 0 0 0 0 0 
0 0 0 0 0 0 [0;31m1[0m 0 0 0 [0;31m1[0m 0 0 0 0 0 0 0 0 0 0 0 0 0 0 0 0 0 0 0 [0;31m1[0m 0 0 0 0 0 0 0 0 0 [0;31m1[0m 0 [0;31m1[0m 0 0 0 0 0 0 0 0 0 0 0 0 [0;31m1[0m [0;31m1[0m 0 0 [0;31m1[0m 0 0 0 0 0 0 0 0 0 0 0 0 0 0 0 0 [0;31m1[0m 0 [0;31m1[0m [0;31m1[0m 0 0 0 0 [0;31m1[0m [0;31m1[0m 0 0 [0;31m1[0m [0;31m1[0m 0 0 0 0 0 0 0 0 0 0 
0 0 0 0 0 0 0 [0;31m1[0m 0 [0;31m1[0m 0 0 0 0 0 0 0 0 0 0 0 [0;31m1[0m 0 0 0 0 0 0 0 0 0 [0;31m1[0m 0 0 0 0 0 0 0 0 [0;31m1[0m 0 [0;31m1[0m 0 0 [0;31m1[0m [0;31m1[0m [0;31m1[0m 0 0 [0;31m1[0m [0;31m1[0m 0 0 0 0 [0;31m1[0m [0;31m1[0m [0;31m1[0m 0 0 0 0 0 0 0 0 0 0 0 [0;31m1[0m 0 0 0 0 0 [0;31m1[0m 0 0 0 0 0 0 0 0 0 [0;31m1[0m [0;31m1[0m [0;31m1[0m 0 0 0 0 0 0 0 0 0 0 0 
0 0 0 0 0 0 0 0 [0;31m1[0m [0;31m1[0m 0 [0;31m1[0m 0 0 [0;31m1[0m 0 0 0 0 [0;31m1[0m [0;31m1[0m 0 [0;31m1[0m 0 0 0 0 0 0 0 0 0 0 0 0 0 0 0 0 0 0 [0;31m1[0m 0 0 0 [0;31m1[0m 0 0 [0;31m1[0m 0 0 0 0 0 0 0 0 0 0 0 [0;31m1[0m 0 0 [0;31m1[0m 0 0 0 0 0 [0;31m1[0m [0;31m1[0m 0 0 0 0 [0;31m1[0m 0 0 0 0 0 0 0 0 0 0 [0;31m1[0m [0;31m1[0m [0;31m1[0m 0 0 0 0 0 0 0 0 0 0 0 
0 0 0 0 0 0 0 0 0 [0;31m1[0m [0;31m1[0m [0;31m1[0m 0 0 [0;31m1[0m 0 0 0 [0;31m1[0m [0;31m1[0m 0 0 [0;31m1[0m 0 0 0 0 0 0 0 0 0 0 0 0 0 0 0 0 0 0 0 0 0 0 [0;31m1[0m [0;31m1[0m 0 0 0 0 [0;31m1[0m 0 0 0 0 0 0 0 0 [0;31m1[0m 0 0 [0;31m1[0m 0 0 0 0 [0;31m1[0m [0;31m1[0m 0 0 0 0 0 0 [0;31m1[0m 0 0 0 0 0 0 0 0 0 0 0 0 0 0 0 0 0 0 0 0 0 0 0 
0 0 0 0 0 0 0 0 [0;31m1[0m 0 [0;31m1[0m [0;31m1[0m 0 0 0 0 0 0 [0;31m1[0m [0;31m1[0m [0;31m1[0m [0;31m1[0m [0;31m1[0m 0 0 0 0 0 0 0 0 [0;31m1[0m [0;31m1[0m 0 0 0 0 0 0 0 0 0 0 0 0 0 0 0 0 0 [0;31m1[0m 0 0 0 0 0 0 0 0 [0;31m1[0m 0 0 0 0 [0;31m1[0m 0 0 0 0 [0;31m1[0m [0;31m1[0m 0 0 0 0 [0;31m1[0m [0;31m1[0m 0 [0;31m1[0m [0;31m1[0m 0 0 0 0 0 0 0 0 0 0 0 0 0 0 0 0 0 0 0 0 
0 0 0 0 0 0 0 0 0 [0;31m1[0m 0 0 0 0 0 0 0 0 0 0 0 0 0 0 0 0 [0;31m1[0m [0;31m1[0m 0 0 0 0 0 0 0 0 0 0 0 0 0 0 0 0 0 0 0 [0;31m1[0m [0;31m1[0m [0;31m1[0m 0 0 0 0 0 0 0 0 [0;31m1[0m 0 0 0 0 0 0 [0;31m1[0m 0 0 0 0 [0;31m1[0m 0 0 0 0 0 [0;31m1[0m 0 [0;31m1[0m 0 0 0 0 0 0 0 0 0 0 0 0 0 0 0 0 0 0 0 0 0 
0 0 0 0 0 0 0 0 0 0 0 0 0 0 0 0 0 0 0 0 0 0 [0;31m1[0m 0 0 0 [0;31m1[0m [0;31m1[0m 0 0 0 0 0 0 0 0 0 0 0 0 0 0 0 0 0 0 0 0 0 0 0 0 0 [0;31m1[0m 0 0 0 0 0 0 [0;31m1[0m 0 0 0 0 [0;31m1[0m 0 0 0 0 0 0 0 0 0 0 0 [0;31m1[0m 0 0 0 0 0 0 0 0 0 0 0 0 0 0 0 0 0 0 0 0 0 0 
0 0 0 0 0 0 0 0 0 0 0 0 0 0 0 0 0 0 0 0 [0;31m1[0m [0;31m1[0m [0;31m1[0m 0 0 0 0 0 0 0 0 0 0 0 0 0 0 0 0 0 0 0 0 0 0 0 0 0 0 0 0 0 0 0 0 [0;31m1[0m [0;31m1[0m 0 0 0 0 [0;31m1[0m [0;31m1[0m [0;31m1[0m [0;31m1[0m 0 0 0 0 0 0 0 0 0 0 0 0 0 0 0 0 0 0 0 0 0 0 0 0 0 0 0 0 0 0 0 0 0 0 0 
0 0 0 0 0 0 0 0 0 0 0 0 0 0 0 0 0 0 0 0 0 [0;31m1[0m 0 0 0 0 0 0 0 0 0 0 0 0 0 0 0 0 0 0 0 0 0 0 0 0 0 0 0 0 0 0 0 0 0 0 0 0 0 0 0 0 0 0 0 0 0 0 0 0 0 0 0 0 0 0 0 0 0 0 0 0 0 0 0 0 0 0 0 0 0 0 0 0 0 0 0 0 0 0 
0 0 0 0 0 0 0 0 0 0 0 0 0 0 0 0 0 0 0 0 0 0 0 0 0 0 0 0 0 0 0 0 0 0 0 0 0 0 0 0 0 0 0 0 0 0 0 0 0 0 0 [0;31m1[0m 0 0 0 0 0 0 0 0 0 0 0 0 0 0 0 0 0 0 0 0 0 0 0 0 0 0 0 0 0 0 0 0 0 0 0 0 0 0 0 0 0 0 0 0 0 0 0 0 
0 0 0 0 0 0 0 0 0 0 0 0 0 0 0 0 0 0 0 0 0 0 0 0 0 0 0 0 0 0 0 0 0 0 0 0 0 0 0 0 0 0 0 0 0 0 0 0 0 0 0 0 [0;31m1[0m 0 0 [0;31m1[0m [0;31m1[0m 0 0 0 0 0 0 0 0 0 0 0 0 0 0 0 0 0 0 0 0 0 0 0 0 0 0 0 0 0 0 0 0 0 0 0 0 0 0 0 0 0 0 0 
0 0 0 0 0 0 0 0 0 0 0 0 0 0 0 0 0 0 0 0 0 0 0 0 0 0 0 0 0 0 [0;31m1[0m [0;31m1[0m 0 [0;31m1[0m [0;31m1[0m [0;31m1[0m [0;31m1[0m 0 0 0 0 0 0 0 0 0 0 0 0 0 0 0 0 [0;31m1[0m [0;31m1[0m 0 0 0 0 0 0 0 0 0 0 0 0 0 0 0 0 0 0 0 0 0 0 0 0 0 0 0 0 0 0 0 0 0 0 0 0 0 0 0 0 0 0 0 0 0 
0 0 0 0 0 0 0 0 0 0 0 [0;31m1[0m 0 0 0 0 0 0 0 0 0 0 0 0 0 0 0 0 0 [0;31m1[0m 0 0 0 0 0 0 0 [0;31m1[0m 0 0 0 0 0 0 0 0 0 0 0 0 0 0 0 0 0 0 0 0 0 0 0 0 0 0 0 0 0 0 0 0 0 0 0 0 0 0 [0;31m1[0m [0;31m1[0m [0;31m1[0m [0;31m1[0m 0 0 0 0 0 0 0 0 0 0 0 0 0 0 0 0 0 0 0 0 
0 0 0 0 0 0 0 0 0 0 [0;31m1[0m 0 [0;31m1[0m 0 0 0 0 0 0 0 0 0 0 0 0 0 0 0 0 0 [0;31m1[0m [0;31m1[0m 0 [0;31m1[0m 0 0 0 [0;31m1[0m 0 0 0 0 0 0 0 0 0 0 0 0 0 0 0 0 0 0 0 0 0 0 0 0 0 0 0 0 0 0 0 0 0 0 0 0 0 0 [0;31m1[0m 0 0 [0;31m1[0m [0;31m1[0m 0 0 0 0 0 0 0 0 0 0 0 0 0 0 0 0 0 0 0 
0 0 0 0 0 0 0 0 0 0 [0;31m1[0m 0 [0;31m1[0m 0 0 0 0 0 0 0 0 0 0 0 0 0 0 0 0 0 0 0 0 [0;31m1[0m 0 0 0 0 0 0 0 0 0 0 0 0 0 0 0 0 0 0 0 0 0 0 0 0 0 0 0 0 0 0 0 0 0 0 0 0 0 0 0 0 0 [0;31m1[0m [0;31m1[0m [0;31m1[0m 0 0 [0;31m1[0m [0;31m1[0m 0 0 0 0 0 0 0 0 0 0 0 0 0 0 0 0 0 0 
0 0 0 0 0 0 0 0 0 0 0 [0;31m1[0m 0 0 0 0 0 0 0 0 0 0 0 0 0 0 0 0 0 0 0 0 0 0 0 0 0 0 0 0 0 0 0 0 0 0 [0;31m1[0m [0;31m1[0m 0 0 0 0 0 0 0 0 0 0 0 0 0 0 0 0 0 0 0 0 0 0 0 0 0 0 0 [0;31m1[0m [0;31m1[0m 0 0 [0;31m1[0m [0;31m1[0m 0 0 0 0 0 0 0 0 0 0 0 0 0 0 0 0 0 0 0 
0 0 0 0 0 0 0 0 0 0 0 0 0 0 0 0 0 0 0 0 0 0 0 0 0 0 0 0 0 0 0 0 0 0 0 0 0 0 [0;31m1[0m 0 0 0 0 0 0 0 0 0 [0;31m1[0m 0 0 0 0 0 0 0 0 0 0 0 0 0 0 0 0 0 0 0 0 0 0 0 0 0 [0;31m1[0m [0;31m1[0m 0 0 0 0 0 0 0 0 0 0 0 0 0 0 0 0 0 0 0 0 0 0 0 0 
0 0 0 0 0 0 0 0 0 0 0 0 0 0 0 0 0 0 0 0 0 0 0 0 0 0 0 0 0 0 0 0 0 0 0 0 [0;31m1[0m 0 0 [0;31m1[0m 0 0 0 [0;31m1[0m [0;31m1[0m 0 0 [0;31m1[0m 0 0 0 0 0 0 0 0 0 0 0 0 0 0 0 0 0 0 0 0 0 0 0 0 0 0 0 [0;31m1[0m [0;31m1[0m 0 0 0 0 0 0 0 0 0 0 0 0 0 0 0 0 0 0 0 0 0 0 0 
0 0 0 0 0 0 0 0 0 0 0 0 0 0 0 0 0 0 0 0 0 0 0 0 0 0 0 0 0 0 0 0 0 0 0 0 [0;31m1[0m 0 0 [0;31m1[0m 0 0 [0;31m1[0m 0 0 [0;31m1[0m [0;31m1[0m 0 0 0 0 0 0 [0;31m1[0m [0;31m1[0m 0 0 0 0 0 0 0 0 0 0 0 0 0 0 0 0 0 0 0 0 0 0 0 0 0 0 0 0 0 0 0 0 0 0 0 0 0 0 0 0 0 0 0 0 0 
0 0 0 0 0 0 0 0 0 0 0 0 0 0 0 0 0 0 0 0 0 0 0 0 0 0 [0;31m1[0m [0;31m1[0m 0 0 0 0 0 0 [0;31m1[0m [0;31m1[0m 0 0 [0;31m1[0m 0 0 0 0 [0;31m1[0m [0;31m1[0m 0 0 0 0 0 0 [0;31m1[0m 0 0 [0;31m1[0m 0 0 0 0 0 0 0 0 0 0 0 0 0 0 0 0 0 0 0 0 0 0 0 0 0 0 0 0 0 0 0 0 0 0 0 0 0 0 0 0 0 0 0 0 0 
0 0 0 0 0 0 0 0 0 0 0 0 0 0 0 0 0 0 0 0 0 0 0 0 0 0 0 0 0 0 0 0 0 0 0 [0;31m1[0m [0;31m1[0m 0 0 0 0 0 0 0 0 0 0 0 0 0 0 [0;31m1[0m [0;31m1[0m [0;31m1[0m [0;31m1[0m 0 0 0 0 0 0 0 0 [0;31m1[0m [0;31m1[0m 0 0 0 0 0 0 0 0 0 0 0 0 0 0 0 0 0 0 0 0 0 0 0 0 0 0 0 0 0 0 0 0 0 0 0 
0 0 0 0 0 0 0 0 0 0 0 0 0 0 0 0 0 0 0 0 0 0 0 0 0 0 0 0 0 0 0 0 0 0 0 [0;31m1[0m [0;31m1[0m 0 0 0 0 0 0 0 0 0 0 0 0 0 0 0 [0;31m1[0m 0 0 0 0 0 0 0 0 0 0 [0;31m1[0m [0;31m1[0m 0 0 0 0 0 0 0 0 0 0 0 0 0 0 0 0 0 0 0 0 0 0 0 0 0 0 0 0 0 0 0 0 0 0 0 
0 0 0 0 0 0 0 0 0 0 0 0 0 0 0 0 0 0 0 0 0 0 [0;31m1[0m [0;31m1[0m 0 0 0 0 0 0 0 0 0 0 0 0 0 0 0 0 [0;31m1[0m [0;31m1[0m 0 0 0 0 0 0 0 0 0 0 0 0 0 0 0 0 0 0 0 0 0 0 0 0 0 0 0 0 0 0 0 0 0 0 0 0 0 0 0 0 0 0 0 0 0 0 0 0 0 0 0 0 0 0 0 0 0 0 
0 0 0 0 0 0 0 0 0 0 0 0 0 0 0 0 0 0 0 0 0 0 0 0 0 0 0 0 0 0 0 0 0 0 0 0 0 0 0 0 0 [0;31m1[0m 0 0 0 0 0 0 0 0 0 0 0 0 0 0 0 0 0 0 0 0 0 0 0 0 0 0 0 0 0 0 0 0 0 0 0 0 0 0 0 0 0 0 0 0 0 0 0 0 0 0 0 0 0 0 0 0 0 0 
0 0 0 0 0 0 0 0 0 0 0 0 0 0 0 0 0 0 0 0 0 0 0 0 0 [0;31m1[0m [0;31m1[0m 0 0 0 0 0 0 0 0 0 0 0 0 [0;31m1[0m 0 [0;31m1[0m 0 0 0 0 0 0 0 0 0 0 0 0 0 0 0 0 0 0 0 0 0 0 0 0 0 0 0 0 0 0 0 0 0 0 0 0 0 0 0 0 0 0 0 0 0 0 0 0 0 0 0 0 0 0 0 0 0 0 
0 0 0 0 0 0 0 0 0 0 0 0 0 0 0 0 0 0 0 0 0 0 0 [0;31m1[0m [0;31m1[0m [0;31m1[0m [0;31m1[0m 0 0 0 0 0 0 0 0 0 0 0 0 [0;31m1[0m 0 0 0 0 0 0 0 0 [0;31m1[0m 0 0 0 0 0 0 0 0 0 0 0 0 0 0 0 0 0 0 0 0 0 0 0 0 0 0 0 0 0 0 0 0 0 0 0 0 0 0 0 0 0 0 0 0 0 0 0 0 0 0 0 
0 0 0 0 0 0 0 0 0 0 0 0 0 0 0 0 0 0 0 0 0 0 0 0 0 0 0 0 0 0 0 0 0 0 0 0 0 0 0 0 0 [0;31m1[0m 0 0 0 0 [0;31m1[0m [0;31m1[0m 0 0 0 0 0 0 0 0 0 [0;31m1[0m 0 0 0 0 0 0 0 0 0 0 0 0 0 0 0 0 0 0 0 0 0 0 0 0 0 0 0 0 0 0 0 0 0 0 0 0 0 0 0 0 0 0 
0 0 0 0 0 0 0 0 0 0 0 0 0 0 0 0 0 0 0 0 0 0 0 0 0 0 0 0 0 0 0 0 0 0 0 0 0 [0;31m1[0m [0;31m1[0m 0 0 [0;31m1[0m 0 0 0 [0;31m1[0m 0 [0;31m1[0m [0;31m1[0m 0 0 0 0 [0;31m1[0m [0;31m1[0m [0;31m1[0m [0;31m1[0m 0 0 [0;31m1[0m 0 0 0 0 0 0 0 0 0 0 0 0 0 0 0 0 0 0 0 0 0 0 0 0 0 0 0 0 0 0 0 0 0 0 0 0 0 0 0 0 
0 0 0 0 0 0 0 0 0 0 0 0 0 0 0 0 0 0 0 0 0 0 0 0 0 0 0 0 0 0 0 0 0 0 0 0 [0;31m1[0m 0 0 0 0 [0;31m1[0m 0 0 0 0 [0;31m1[0m 0 0 0 0 0 0 [0;31m1[0m 0 0 0 0 0 [0;31m1[0m 0 0 0 0 0 0 0 0 0 0 0 0 0 0 0 0 0 0 0 0 0 0 0 0 0 0 0 0 0 0 0 0 0 0 0 0 0 0 0 0 
0 0 0 0 0 0 0 0 0 0 0 0 0 0 0 0 0 0 0 0 0 0 0 0 0 0 0 0 0 0 0 0 0 0 0 0 0 [0;31m1[0m 0 [0;31m1[0m 0 0 [0;31m1[0m 0 [0;31m1[0m [0;31m1[0m 0 0 0 0 0 0 0 0 [0;31m1[0m [0;31m1[0m 0 0 0 [0;31m1[0m 0 0 0 0 0 0 0 0 0 0 0 0 0 0 0 0 0 0 0 0 0 0 0 0 0 0 0 0 0 0 0 0 0 0 0 0 0 0 0 0 
0 0 0 0 0 0 0 0 0 0 0 0 0 0 0 0 0 0 0 0 0 0 0 0 0 0 0 0 0 0 0 0 0 0 0 0 0 0 [0;31m1[0m 0 0 0 [0;31m1[0m [0;31m1[0m 0 0 0 0 0 0 0 0 0 0 0 [0;31m1[0m [0;31m1[0m [0;31m1[0m [0;31m1[0m 0 0 0 0 0 0 0 0 0 0 0 0 0 0 0 0 0 0 0 0 0 0 0 0 0 0 0 0 0 0 0 0 0 0 0 0 0 0 0 0 0 
